(
(-0.400000 0.000500 -0.228500)
(-0.400000 0.005375 -0.228500)
(-0.400000 0.010250 -0.228500)
(-0.400000 0.015125 -0.228500)
(-0.400000 0.020000 -0.228500)
(-0.400000 0.024875 -0.228500)
(-0.400000 0.029750 -0.228500)
(-0.400000 0.034625 -0.228500)
(-0.400000 0.039500 -0.228500)
(-0.400000 0.000500 -0.182800)
(-0.400000 0.005375 -0.182800)
(-0.400000 0.010250 -0.182800)
(-0.400000 0.015125 -0.182800)
(-0.400000 0.020000 -0.182800)
(-0.400000 0.024875 -0.182800)
(-0.400000 0.029750 -0.182800)
(-0.400000 0.034625 -0.182800)
(-0.400000 0.039500 -0.182800)
(-0.400000 0.000500 -0.137100)
(-0.400000 0.005375 -0.137100)
(-0.400000 0.010250 -0.137100)
(-0.400000 0.015125 -0.137100)
(-0.400000 0.020000 -0.137100)
(-0.400000 0.024875 -0.137100)
(-0.400000 0.029750 -0.137100)
(-0.400000 0.034625 -0.137100)
(-0.400000 0.039500 -0.137100)
(-0.400000 0.000500 -0.091400)
(-0.400000 0.005375 -0.091400)
(-0.400000 0.010250 -0.091400)
(-0.400000 0.015125 -0.091400)
(-0.400000 0.020000 -0.091400)
(-0.400000 0.024875 -0.091400)
(-0.400000 0.029750 -0.091400)
(-0.400000 0.034625 -0.091400)
(-0.400000 0.039500 -0.091400)
(-0.400000 0.000500 -0.045700)
(-0.400000 0.005375 -0.045700)
(-0.400000 0.010250 -0.045700)
(-0.400000 0.015125 -0.045700)
(-0.400000 0.020000 -0.045700)
(-0.400000 0.024875 -0.045700)
(-0.400000 0.029750 -0.045700)
(-0.400000 0.034625 -0.045700)
(-0.400000 0.039500 -0.045700)
(-0.400000 0.000500 0.000000)
(-0.400000 0.005375 0.000000)
(-0.400000 0.010250 0.000000)
(-0.400000 0.015125 0.000000)
(-0.400000 0.020000 0.000000)
(-0.400000 0.024875 0.000000)
(-0.400000 0.029750 0.000000)
(-0.400000 0.034625 0.000000)
(-0.400000 0.039500 0.000000)
(-0.400000 0.000500 0.045700)
(-0.400000 0.005375 0.045700)
(-0.400000 0.010250 0.045700)
(-0.400000 0.015125 0.045700)
(-0.400000 0.020000 0.045700)
(-0.400000 0.024875 0.045700)
(-0.400000 0.029750 0.045700)
(-0.400000 0.034625 0.045700)
(-0.400000 0.039500 0.045700)
(-0.400000 0.000500 0.091400)
(-0.400000 0.005375 0.091400)
(-0.400000 0.010250 0.091400)
(-0.400000 0.015125 0.091400)
(-0.400000 0.020000 0.091400)
(-0.400000 0.024875 0.091400)
(-0.400000 0.029750 0.091400)
(-0.400000 0.034625 0.091400)
(-0.400000 0.039500 0.091400)
(-0.400000 0.000500 0.137100)
(-0.400000 0.005375 0.137100)
(-0.400000 0.010250 0.137100)
(-0.400000 0.015125 0.137100)
(-0.400000 0.020000 0.137100)
(-0.400000 0.024875 0.137100)
(-0.400000 0.029750 0.137100)
(-0.400000 0.034625 0.137100)
(-0.400000 0.039500 0.137100)
(-0.400000 0.000500 0.182800)
(-0.400000 0.005375 0.182800)
(-0.400000 0.010250 0.182800)
(-0.400000 0.015125 0.182800)
(-0.400000 0.020000 0.182800)
(-0.400000 0.024875 0.182800)
(-0.400000 0.029750 0.182800)
(-0.400000 0.034625 0.182800)
(-0.400000 0.039500 0.182800)
(-0.400000 0.000500 0.228500)
(-0.400000 0.005375 0.228500)
(-0.400000 0.010250 0.228500)
(-0.400000 0.015125 0.228500)
(-0.400000 0.020000 0.228500)
(-0.400000 0.024875 0.228500)
(-0.400000 0.029750 0.228500)
(-0.400000 0.034625 0.228500)
(-0.400000 0.039500 0.228500)
)
