probeLocations
(
    (-0.350000 0.000000 0.000000)
    (-0.350000 0.003000 0.000000)
    (-0.350000 0.006000 0.000000)
    (-0.350000 0.009000 0.000000)
    (-0.350000 0.012000 0.000000)
    (-0.350000 0.015000 0.000000)
    (-0.350000 0.018000 0.000000)
    (-0.350000 0.021000 0.000000)
    (-0.350000 0.024000 0.000000)
    (-0.350000 0.027000 0.000000)
    (-0.350000 0.030000 0.000000)
    (-0.350000 0.033000 0.000000)
    (-0.350000 0.036000 0.000000)
    (-0.300000 0.000000 0.000000)
    (-0.300000 0.003000 0.000000)
    (-0.300000 0.006000 0.000000)
    (-0.300000 0.009000 0.000000)
    (-0.300000 0.012000 0.000000)
    (-0.300000 0.015000 0.000000)
    (-0.300000 0.018000 0.000000)
    (-0.300000 0.021000 0.000000)
    (-0.300000 0.024000 0.000000)
    (-0.300000 0.027000 0.000000)
    (-0.300000 0.030000 0.000000)
    (-0.300000 0.033000 0.000000)
    (-0.300000 0.036000 0.000000)
    (-0.250000 0.000000 0.000000)
    (-0.250000 0.003000 0.000000)
    (-0.250000 0.006000 0.000000)
    (-0.250000 0.009000 0.000000)
    (-0.250000 0.012000 0.000000)
    (-0.250000 0.015000 0.000000)
    (-0.250000 0.018000 0.000000)
    (-0.250000 0.021000 0.000000)
    (-0.250000 0.024000 0.000000)
    (-0.250000 0.027000 0.000000)
    (-0.250000 0.030000 0.000000)
    (-0.250000 0.033000 0.000000)
    (-0.250000 0.036000 0.000000)
    (-0.200000 0.000000 0.000000)
    (-0.200000 0.003000 0.000000)
    (-0.200000 0.006000 0.000000)
    (-0.200000 0.009000 0.000000)
    (-0.200000 0.012000 0.000000)
    (-0.200000 0.015000 0.000000)
    (-0.200000 0.018000 0.000000)
    (-0.200000 0.021000 0.000000)
    (-0.200000 0.024000 0.000000)
    (-0.200000 0.027000 0.000000)
    (-0.200000 0.030000 0.000000)
    (-0.200000 0.033000 0.000000)
    (-0.200000 0.036000 0.000000)
    (-0.150000 0.000000 0.000000)
    (-0.150000 0.003000 0.000000)
    (-0.150000 0.006000 0.000000)
    (-0.150000 0.009000 0.000000)
    (-0.150000 0.012000 0.000000)
    (-0.150000 0.015000 0.000000)
    (-0.150000 0.018000 0.000000)
    (-0.150000 0.021000 0.000000)
    (-0.150000 0.024000 0.000000)
    (-0.150000 0.027000 0.000000)
    (-0.150000 0.030000 0.000000)
    (-0.150000 0.033000 0.000000)
    (-0.150000 0.036000 0.000000)
    (-0.100000 0.000000 0.000000)
    (-0.100000 0.003000 0.000000)
    (-0.100000 0.006000 0.000000)
    (-0.100000 0.009000 0.000000)
    (-0.100000 0.012000 0.000000)
    (-0.100000 0.015000 0.000000)
    (-0.100000 0.018000 0.000000)
    (-0.100000 0.021000 0.000000)
    (-0.100000 0.024000 0.000000)
    (-0.100000 0.027000 0.000000)
    (-0.100000 0.030000 0.000000)
    (-0.100000 0.033000 0.000000)
    (-0.100000 0.036000 0.000000)
    (-0.050000 0.000000 0.000000)
    (-0.050000 0.003000 0.000000)
    (-0.050000 0.006000 0.000000)
    (-0.050000 0.009000 0.000000)
    (-0.050000 0.012000 0.000000)
    (-0.050000 0.015000 0.000000)
    (-0.050000 0.018000 0.000000)
    (-0.050000 0.021000 0.000000)
    (-0.050000 0.024000 0.000000)
    (-0.050000 0.027000 0.000000)
    (-0.050000 0.030000 0.000000)
    (-0.050000 0.033000 0.000000)
    (-0.050000 0.036000 0.000000)
    (-0.000000 0.000000 0.000000)
    (-0.000000 0.003000 0.000000)
    (-0.000000 0.006000 0.000000)
    (-0.000000 0.009000 0.000000)
    (-0.000000 0.012000 0.000000)
    (-0.000000 0.015000 0.000000)
    (-0.000000 0.018000 0.000000)
    (-0.000000 0.021000 0.000000)
    (-0.000000 0.024000 0.000000)
    (-0.000000 0.027000 0.000000)
    (-0.000000 0.030000 0.000000)
    (-0.000000 0.033000 0.000000)
    (-0.000000 0.036000 0.000000)
    (0.050000 -0.025000 0.000000)
    (0.050000 -0.022000 0.000000)
    (0.050000 -0.019000 0.000000)
    (0.050000 -0.016000 0.000000)
    (0.050000 -0.013000 0.000000)
    (0.050000 -0.010000 0.000000)
    (0.050000 -0.007000 0.000000)
    (0.050000 -0.004000 0.000000)
    (0.050000 -0.001000 0.000000)
    (0.050000 0.002000 0.000000)
    (0.050000 0.005000 0.000000)
    (0.050000 0.008000 0.000000)
    (0.050000 0.011000 0.000000)
    (0.050000 0.014000 0.000000)
    (0.050000 0.017000 0.000000)
    (0.050000 0.020000 0.000000)
    (0.050000 0.023000 0.000000)
    (0.050000 0.026000 0.000000)
    (0.050000 0.029000 0.000000)
    (0.050000 0.032000 0.000000)
    (0.050000 0.035000 0.000000)
    (0.100000 -0.025000 0.000000)
    (0.100000 -0.022000 0.000000)
    (0.100000 -0.019000 0.000000)
    (0.100000 -0.016000 0.000000)
    (0.100000 -0.013000 0.000000)
    (0.100000 -0.010000 0.000000)
    (0.100000 -0.007000 0.000000)
    (0.100000 -0.004000 0.000000)
    (0.100000 -0.001000 0.000000)
    (0.100000 0.002000 0.000000)
    (0.100000 0.005000 0.000000)
    (0.100000 0.008000 0.000000)
    (0.100000 0.011000 0.000000)
    (0.100000 0.014000 0.000000)
    (0.100000 0.017000 0.000000)
    (0.100000 0.020000 0.000000)
    (0.100000 0.023000 0.000000)
    (0.100000 0.026000 0.000000)
    (0.100000 0.029000 0.000000)
    (0.100000 0.032000 0.000000)
    (0.100000 0.035000 0.000000)
    (0.150000 -0.025000 0.000000)
    (0.150000 -0.022000 0.000000)
    (0.150000 -0.019000 0.000000)
    (0.150000 -0.016000 0.000000)
    (0.150000 -0.013000 0.000000)
    (0.150000 -0.010000 0.000000)
    (0.150000 -0.007000 0.000000)
    (0.150000 -0.004000 0.000000)
    (0.150000 -0.001000 0.000000)
    (0.150000 0.002000 0.000000)
    (0.150000 0.005000 0.000000)
    (0.150000 0.008000 0.000000)
    (0.150000 0.011000 0.000000)
    (0.150000 0.014000 0.000000)
    (0.150000 0.017000 0.000000)
    (0.150000 0.020000 0.000000)
    (0.150000 0.023000 0.000000)
    (0.150000 0.026000 0.000000)
    (0.150000 0.029000 0.000000)
    (0.150000 0.032000 0.000000)
    (0.150000 0.035000 0.000000)
    (0.200000 -0.025000 0.000000)
    (0.200000 -0.022000 0.000000)
    (0.200000 -0.019000 0.000000)
    (0.200000 -0.016000 0.000000)
    (0.200000 -0.013000 0.000000)
    (0.200000 -0.010000 0.000000)
    (0.200000 -0.007000 0.000000)
    (0.200000 -0.004000 0.000000)
    (0.200000 -0.001000 0.000000)
    (0.200000 0.002000 0.000000)
    (0.200000 0.005000 0.000000)
    (0.200000 0.008000 0.000000)
    (0.200000 0.011000 0.000000)
    (0.200000 0.014000 0.000000)
    (0.200000 0.017000 0.000000)
    (0.200000 0.020000 0.000000)
    (0.200000 0.023000 0.000000)
    (0.200000 0.026000 0.000000)
    (0.200000 0.029000 0.000000)
    (0.200000 0.032000 0.000000)
    (0.200000 0.035000 0.000000)
    (0.250000 -0.025000 0.000000)
    (0.250000 -0.022000 0.000000)
    (0.250000 -0.019000 0.000000)
    (0.250000 -0.016000 0.000000)
    (0.250000 -0.013000 0.000000)
    (0.250000 -0.010000 0.000000)
    (0.250000 -0.007000 0.000000)
    (0.250000 -0.004000 0.000000)
    (0.250000 -0.001000 0.000000)
    (0.250000 0.002000 0.000000)
    (0.250000 0.005000 0.000000)
    (0.250000 0.008000 0.000000)
    (0.250000 0.011000 0.000000)
    (0.250000 0.014000 0.000000)
    (0.250000 0.017000 0.000000)
    (0.250000 0.020000 0.000000)
    (0.250000 0.023000 0.000000)
    (0.250000 0.026000 0.000000)
    (0.250000 0.029000 0.000000)
    (0.250000 0.032000 0.000000)
    (0.250000 0.035000 0.000000)
    (0.300000 -0.025000 0.000000)
    (0.300000 -0.022000 0.000000)
    (0.300000 -0.019000 0.000000)
    (0.300000 -0.016000 0.000000)
    (0.300000 -0.013000 0.000000)
    (0.300000 -0.010000 0.000000)
    (0.300000 -0.007000 0.000000)
    (0.300000 -0.004000 0.000000)
    (0.300000 -0.001000 0.000000)
    (0.300000 0.002000 0.000000)
    (0.300000 0.005000 0.000000)
    (0.300000 0.008000 0.000000)
    (0.300000 0.011000 0.000000)
    (0.300000 0.014000 0.000000)
    (0.300000 0.017000 0.000000)
    (0.300000 0.020000 0.000000)
    (0.300000 0.023000 0.000000)
    (0.300000 0.026000 0.000000)
    (0.300000 0.029000 0.000000)
    (0.300000 0.032000 0.000000)
    (0.300000 0.035000 0.000000)
    (0.350000 -0.025000 0.000000)
    (0.350000 -0.022000 0.000000)
    (0.350000 -0.019000 0.000000)
    (0.350000 -0.016000 0.000000)
    (0.350000 -0.013000 0.000000)
    (0.350000 -0.010000 0.000000)
    (0.350000 -0.007000 0.000000)
    (0.350000 -0.004000 0.000000)
    (0.350000 -0.001000 0.000000)
    (0.350000 0.002000 0.000000)
    (0.350000 0.005000 0.000000)
    (0.350000 0.008000 0.000000)
    (0.350000 0.011000 0.000000)
    (0.350000 0.014000 0.000000)
    (0.350000 0.017000 0.000000)
    (0.350000 0.020000 0.000000)
    (0.350000 0.023000 0.000000)
    (0.350000 0.026000 0.000000)
    (0.350000 0.029000 0.000000)
    (0.350000 0.032000 0.000000)
    (0.350000 0.035000 0.000000)
    (0.400000 -0.025000 0.000000)
    (0.400000 -0.022000 0.000000)
    (0.400000 -0.019000 0.000000)
    (0.400000 -0.016000 0.000000)
    (0.400000 -0.013000 0.000000)
    (0.400000 -0.010000 0.000000)
    (0.400000 -0.007000 0.000000)
    (0.400000 -0.004000 0.000000)
    (0.400000 -0.001000 0.000000)
    (0.400000 0.002000 0.000000)
    (0.400000 0.005000 0.000000)
    (0.400000 0.008000 0.000000)
    (0.400000 0.011000 0.000000)
    (0.400000 0.014000 0.000000)
    (0.400000 0.017000 0.000000)
    (0.400000 0.020000 0.000000)
    (0.400000 0.023000 0.000000)
    (0.400000 0.026000 0.000000)
    (0.400000 0.029000 0.000000)
    (0.400000 0.032000 0.000000)
    (0.400000 0.035000 0.000000)
    (0.450000 -0.025000 0.000000)
    (0.450000 -0.022000 0.000000)
    (0.450000 -0.019000 0.000000)
    (0.450000 -0.016000 0.000000)
    (0.450000 -0.013000 0.000000)
    (0.450000 -0.010000 0.000000)
    (0.450000 -0.007000 0.000000)
    (0.450000 -0.004000 0.000000)
    (0.450000 -0.001000 0.000000)
    (0.450000 0.002000 0.000000)
    (0.450000 0.005000 0.000000)
    (0.450000 0.008000 0.000000)
    (0.450000 0.011000 0.000000)
    (0.450000 0.014000 0.000000)
    (0.450000 0.017000 0.000000)
    (0.450000 0.020000 0.000000)
    (0.450000 0.023000 0.000000)
    (0.450000 0.026000 0.000000)
    (0.450000 0.029000 0.000000)
    (0.450000 0.032000 0.000000)
    (0.450000 0.035000 0.000000)
    (0.500000 -0.025000 0.000000)
    (0.500000 -0.022000 0.000000)
    (0.500000 -0.019000 0.000000)
    (0.500000 -0.016000 0.000000)
    (0.500000 -0.013000 0.000000)
    (0.500000 -0.010000 0.000000)
    (0.500000 -0.007000 0.000000)
    (0.500000 -0.004000 0.000000)
    (0.500000 -0.001000 0.000000)
    (0.500000 0.002000 0.000000)
    (0.500000 0.005000 0.000000)
    (0.500000 0.008000 0.000000)
    (0.500000 0.011000 0.000000)
    (0.500000 0.014000 0.000000)
    (0.500000 0.017000 0.000000)
    (0.500000 0.020000 0.000000)
    (0.500000 0.023000 0.000000)
    (0.500000 0.026000 0.000000)
    (0.500000 0.029000 0.000000)
    (0.500000 0.032000 0.000000)
    (0.500000 0.035000 0.000000)
    (0.550000 -0.025000 0.000000)
    (0.550000 -0.022000 0.000000)
    (0.550000 -0.019000 0.000000)
    (0.550000 -0.016000 0.000000)
    (0.550000 -0.013000 0.000000)
    (0.550000 -0.010000 0.000000)
    (0.550000 -0.007000 0.000000)
    (0.550000 -0.004000 0.000000)
    (0.550000 -0.001000 0.000000)
    (0.550000 0.002000 0.000000)
    (0.550000 0.005000 0.000000)
    (0.550000 0.008000 0.000000)
    (0.550000 0.011000 0.000000)
    (0.550000 0.014000 0.000000)
    (0.550000 0.017000 0.000000)
    (0.550000 0.020000 0.000000)
    (0.550000 0.023000 0.000000)
    (0.550000 0.026000 0.000000)
    (0.550000 0.029000 0.000000)
    (0.550000 0.032000 0.000000)
    (0.550000 0.035000 0.000000)
    (0.600000 -0.025000 0.000000)
    (0.600000 -0.022000 0.000000)
    (0.600000 -0.019000 0.000000)
    (0.600000 -0.016000 0.000000)
    (0.600000 -0.013000 0.000000)
    (0.600000 -0.010000 0.000000)
    (0.600000 -0.007000 0.000000)
    (0.600000 -0.004000 0.000000)
    (0.600000 -0.001000 0.000000)
    (0.600000 0.002000 0.000000)
    (0.600000 0.005000 0.000000)
    (0.600000 0.008000 0.000000)
    (0.600000 0.011000 0.000000)
    (0.600000 0.014000 0.000000)
    (0.600000 0.017000 0.000000)
    (0.600000 0.020000 0.000000)
    (0.600000 0.023000 0.000000)
    (0.600000 0.026000 0.000000)
    (0.600000 0.029000 0.000000)
    (0.600000 0.032000 0.000000)
    (0.600000 0.035000 0.000000)
    (0.650000 -0.025000 0.000000)
    (0.650000 -0.022000 0.000000)
    (0.650000 -0.019000 0.000000)
    (0.650000 -0.016000 0.000000)
    (0.650000 -0.013000 0.000000)
    (0.650000 -0.010000 0.000000)
    (0.650000 -0.007000 0.000000)
    (0.650000 -0.004000 0.000000)
    (0.650000 -0.001000 0.000000)
    (0.650000 0.002000 0.000000)
    (0.650000 0.005000 0.000000)
    (0.650000 0.008000 0.000000)
    (0.650000 0.011000 0.000000)
    (0.650000 0.014000 0.000000)
    (0.650000 0.017000 0.000000)
    (0.650000 0.020000 0.000000)
    (0.650000 0.023000 0.000000)
    (0.650000 0.026000 0.000000)
    (0.650000 0.029000 0.000000)
    (0.650000 0.032000 0.000000)
    (0.650000 0.035000 0.000000)
    (0.700000 -0.025000 0.000000)
    (0.700000 -0.022000 0.000000)
    (0.700000 -0.019000 0.000000)
    (0.700000 -0.016000 0.000000)
    (0.700000 -0.013000 0.000000)
    (0.700000 -0.010000 0.000000)
    (0.700000 -0.007000 0.000000)
    (0.700000 -0.004000 0.000000)
    (0.700000 -0.001000 0.000000)
    (0.700000 0.002000 0.000000)
    (0.700000 0.005000 0.000000)
    (0.700000 0.008000 0.000000)
    (0.700000 0.011000 0.000000)
    (0.700000 0.014000 0.000000)
    (0.700000 0.017000 0.000000)
    (0.700000 0.020000 0.000000)
    (0.700000 0.023000 0.000000)
    (0.700000 0.026000 0.000000)
    (0.700000 0.029000 0.000000)
    (0.700000 0.032000 0.000000)
    (0.700000 0.035000 0.000000)
    (0.750000 -0.025000 0.000000)
    (0.750000 -0.022000 0.000000)
    (0.750000 -0.019000 0.000000)
    (0.750000 -0.016000 0.000000)
    (0.750000 -0.013000 0.000000)
    (0.750000 -0.010000 0.000000)
    (0.750000 -0.007000 0.000000)
    (0.750000 -0.004000 0.000000)
    (0.750000 -0.001000 0.000000)
    (0.750000 0.002000 0.000000)
    (0.750000 0.005000 0.000000)
    (0.750000 0.008000 0.000000)
    (0.750000 0.011000 0.000000)
    (0.750000 0.014000 0.000000)
    (0.750000 0.017000 0.000000)
    (0.750000 0.020000 0.000000)
    (0.750000 0.023000 0.000000)
    (0.750000 0.026000 0.000000)
    (0.750000 0.029000 0.000000)
    (0.750000 0.032000 0.000000)
    (0.750000 0.035000 0.000000)
    (0.800000 -0.025000 0.000000)
    (0.800000 -0.022000 0.000000)
    (0.800000 -0.019000 0.000000)
    (0.800000 -0.016000 0.000000)
    (0.800000 -0.013000 0.000000)
    (0.800000 -0.010000 0.000000)
    (0.800000 -0.007000 0.000000)
    (0.800000 -0.004000 0.000000)
    (0.800000 -0.001000 0.000000)
    (0.800000 0.002000 0.000000)
    (0.800000 0.005000 0.000000)
    (0.800000 0.008000 0.000000)
    (0.800000 0.011000 0.000000)
    (0.800000 0.014000 0.000000)
    (0.800000 0.017000 0.000000)
    (0.800000 0.020000 0.000000)
    (0.800000 0.023000 0.000000)
    (0.800000 0.026000 0.000000)
    (0.800000 0.029000 0.000000)
    (0.800000 0.032000 0.000000)
    (0.800000 0.035000 0.000000)
    (0.850000 -0.025000 0.000000)
    (0.850000 -0.022000 0.000000)
    (0.850000 -0.019000 0.000000)
    (0.850000 -0.016000 0.000000)
    (0.850000 -0.013000 0.000000)
    (0.850000 -0.010000 0.000000)
    (0.850000 -0.007000 0.000000)
    (0.850000 -0.004000 0.000000)
    (0.850000 -0.001000 0.000000)
    (0.850000 0.002000 0.000000)
    (0.850000 0.005000 0.000000)
    (0.850000 0.008000 0.000000)
    (0.850000 0.011000 0.000000)
    (0.850000 0.014000 0.000000)
    (0.850000 0.017000 0.000000)
    (0.850000 0.020000 0.000000)
    (0.850000 0.023000 0.000000)
    (0.850000 0.026000 0.000000)
    (0.850000 0.029000 0.000000)
    (0.850000 0.032000 0.000000)
    (0.850000 0.035000 0.000000)
    (0.900000 -0.025000 0.000000)
    (0.900000 -0.022000 0.000000)
    (0.900000 -0.019000 0.000000)
    (0.900000 -0.016000 0.000000)
    (0.900000 -0.013000 0.000000)
    (0.900000 -0.010000 0.000000)
    (0.900000 -0.007000 0.000000)
    (0.900000 -0.004000 0.000000)
    (0.900000 -0.001000 0.000000)
    (0.900000 0.002000 0.000000)
    (0.900000 0.005000 0.000000)
    (0.900000 0.008000 0.000000)
    (0.900000 0.011000 0.000000)
    (0.900000 0.014000 0.000000)
    (0.900000 0.017000 0.000000)
    (0.900000 0.020000 0.000000)
    (0.900000 0.023000 0.000000)
    (0.900000 0.026000 0.000000)
    (0.900000 0.029000 0.000000)
    (0.900000 0.032000 0.000000)
    (0.900000 0.035000 0.000000)
    (0.950000 -0.025000 0.000000)
    (0.950000 -0.022000 0.000000)
    (0.950000 -0.019000 0.000000)
    (0.950000 -0.016000 0.000000)
    (0.950000 -0.013000 0.000000)
    (0.950000 -0.010000 0.000000)
    (0.950000 -0.007000 0.000000)
    (0.950000 -0.004000 0.000000)
    (0.950000 -0.001000 0.000000)
    (0.950000 0.002000 0.000000)
    (0.950000 0.005000 0.000000)
    (0.950000 0.008000 0.000000)
    (0.950000 0.011000 0.000000)
    (0.950000 0.014000 0.000000)
    (0.950000 0.017000 0.000000)
    (0.950000 0.020000 0.000000)
    (0.950000 0.023000 0.000000)
    (0.950000 0.026000 0.000000)
    (0.950000 0.029000 0.000000)
    (0.950000 0.032000 0.000000)
    (0.950000 0.035000 0.000000)
    (1.000000 -0.025000 0.000000)
    (1.000000 -0.022000 0.000000)
    (1.000000 -0.019000 0.000000)
    (1.000000 -0.016000 0.000000)
    (1.000000 -0.013000 0.000000)
    (1.000000 -0.010000 0.000000)
    (1.000000 -0.007000 0.000000)
    (1.000000 -0.004000 0.000000)
    (1.000000 -0.001000 0.000000)
    (1.000000 0.002000 0.000000)
    (1.000000 0.005000 0.000000)
    (1.000000 0.008000 0.000000)
    (1.000000 0.011000 0.000000)
    (1.000000 0.014000 0.000000)
    (1.000000 0.017000 0.000000)
    (1.000000 0.020000 0.000000)
    (1.000000 0.023000 0.000000)
    (1.000000 0.026000 0.000000)
    (1.000000 0.029000 0.000000)
    (1.000000 0.032000 0.000000)
    (1.000000 0.035000 0.000000)
    (1.050000 -0.025000 0.000000)
    (1.050000 -0.022000 0.000000)
    (1.050000 -0.019000 0.000000)
    (1.050000 -0.016000 0.000000)
    (1.050000 -0.013000 0.000000)
    (1.050000 -0.010000 0.000000)
    (1.050000 -0.007000 0.000000)
    (1.050000 -0.004000 0.000000)
    (1.050000 -0.001000 0.000000)
    (1.050000 0.002000 0.000000)
    (1.050000 0.005000 0.000000)
    (1.050000 0.008000 0.000000)
    (1.050000 0.011000 0.000000)
    (1.050000 0.014000 0.000000)
    (1.050000 0.017000 0.000000)
    (1.050000 0.020000 0.000000)
    (1.050000 0.023000 0.000000)
    (1.050000 0.026000 0.000000)
    (1.050000 0.029000 0.000000)
    (1.050000 0.032000 0.000000)
    (1.050000 0.035000 0.000000)
    (1.100000 -0.025000 0.000000)
    (1.100000 -0.022000 0.000000)
    (1.100000 -0.019000 0.000000)
    (1.100000 -0.016000 0.000000)
    (1.100000 -0.013000 0.000000)
    (1.100000 -0.010000 0.000000)
    (1.100000 -0.007000 0.000000)
    (1.100000 -0.004000 0.000000)
    (1.100000 -0.001000 0.000000)
    (1.100000 0.002000 0.000000)
    (1.100000 0.005000 0.000000)
    (1.100000 0.008000 0.000000)
    (1.100000 0.011000 0.000000)
    (1.100000 0.014000 0.000000)
    (1.100000 0.017000 0.000000)
    (1.100000 0.020000 0.000000)
    (1.100000 0.023000 0.000000)
    (1.100000 0.026000 0.000000)
    (1.100000 0.029000 0.000000)
    (1.100000 0.032000 0.000000)
    (1.100000 0.035000 0.000000)
    (1.150000 -0.025000 0.000000)
    (1.150000 -0.022000 0.000000)
    (1.150000 -0.019000 0.000000)
    (1.150000 -0.016000 0.000000)
    (1.150000 -0.013000 0.000000)
    (1.150000 -0.010000 0.000000)
    (1.150000 -0.007000 0.000000)
    (1.150000 -0.004000 0.000000)
    (1.150000 -0.001000 0.000000)
    (1.150000 0.002000 0.000000)
    (1.150000 0.005000 0.000000)
    (1.150000 0.008000 0.000000)
    (1.150000 0.011000 0.000000)
    (1.150000 0.014000 0.000000)
    (1.150000 0.017000 0.000000)
    (1.150000 0.020000 0.000000)
    (1.150000 0.023000 0.000000)
    (1.150000 0.026000 0.000000)
    (1.150000 0.029000 0.000000)
    (1.150000 0.032000 0.000000)
    (1.150000 0.035000 0.000000)
    (1.200000 -0.025000 0.000000)
    (1.200000 -0.022000 0.000000)
    (1.200000 -0.019000 0.000000)
    (1.200000 -0.016000 0.000000)
    (1.200000 -0.013000 0.000000)
    (1.200000 -0.010000 0.000000)
    (1.200000 -0.007000 0.000000)
    (1.200000 -0.004000 0.000000)
    (1.200000 -0.001000 0.000000)
    (1.200000 0.002000 0.000000)
    (1.200000 0.005000 0.000000)
    (1.200000 0.008000 0.000000)
    (1.200000 0.011000 0.000000)
    (1.200000 0.014000 0.000000)
    (1.200000 0.017000 0.000000)
    (1.200000 0.020000 0.000000)
    (1.200000 0.023000 0.000000)
    (1.200000 0.026000 0.000000)
    (1.200000 0.029000 0.000000)
    (1.200000 0.032000 0.000000)
    (1.200000 0.035000 0.000000)
    (1.250000 -0.025000 0.000000)
    (1.250000 -0.022000 0.000000)
    (1.250000 -0.019000 0.000000)
    (1.250000 -0.016000 0.000000)
    (1.250000 -0.013000 0.000000)
    (1.250000 -0.010000 0.000000)
    (1.250000 -0.007000 0.000000)
    (1.250000 -0.004000 0.000000)
    (1.250000 -0.001000 0.000000)
    (1.250000 0.002000 0.000000)
    (1.250000 0.005000 0.000000)
    (1.250000 0.008000 0.000000)
    (1.250000 0.011000 0.000000)
    (1.250000 0.014000 0.000000)
    (1.250000 0.017000 0.000000)
    (1.250000 0.020000 0.000000)
    (1.250000 0.023000 0.000000)
    (1.250000 0.026000 0.000000)
    (1.250000 0.029000 0.000000)
    (1.250000 0.032000 0.000000)
    (1.250000 0.035000 0.000000)
    (1.300000 -0.025000 0.000000)
    (1.300000 -0.022000 0.000000)
    (1.300000 -0.019000 0.000000)
    (1.300000 -0.016000 0.000000)
    (1.300000 -0.013000 0.000000)
    (1.300000 -0.010000 0.000000)
    (1.300000 -0.007000 0.000000)
    (1.300000 -0.004000 0.000000)
    (1.300000 -0.001000 0.000000)
    (1.300000 0.002000 0.000000)
    (1.300000 0.005000 0.000000)
    (1.300000 0.008000 0.000000)
    (1.300000 0.011000 0.000000)
    (1.300000 0.014000 0.000000)
    (1.300000 0.017000 0.000000)
    (1.300000 0.020000 0.000000)
    (1.300000 0.023000 0.000000)
    (1.300000 0.026000 0.000000)
    (1.300000 0.029000 0.000000)
    (1.300000 0.032000 0.000000)
    (1.300000 0.035000 0.000000)
    (1.350000 -0.025000 0.000000)
    (1.350000 -0.022000 0.000000)
    (1.350000 -0.019000 0.000000)
    (1.350000 -0.016000 0.000000)
    (1.350000 -0.013000 0.000000)
    (1.350000 -0.010000 0.000000)
    (1.350000 -0.007000 0.000000)
    (1.350000 -0.004000 0.000000)
    (1.350000 -0.001000 0.000000)
    (1.350000 0.002000 0.000000)
    (1.350000 0.005000 0.000000)
    (1.350000 0.008000 0.000000)
    (1.350000 0.011000 0.000000)
    (1.350000 0.014000 0.000000)
    (1.350000 0.017000 0.000000)
    (1.350000 0.020000 0.000000)
    (1.350000 0.023000 0.000000)
    (1.350000 0.026000 0.000000)
    (1.350000 0.029000 0.000000)
    (1.350000 0.032000 0.000000)
    (1.350000 0.035000 0.000000)
);
